7.320312500000000000e+01
8.612890625000000000e+01
7.029687500000000000e+01
1.035195312500000000e+02
6.932812500000000000e+01
1.221523437500000000e+02
6.932812500000000000e+01
1.407851562500000000e+02
7.126562500000000000e+01
1.594179687500000000e+02
7.610937500000000000e+01
1.755664062500000000e+02
8.579687500000000000e+01
1.917148437500000000e+02
9.742187500000000000e+01
2.016523437500000000e+02
1.119531250000000000e+02
2.028945312500000000e+02
1.235781250000000000e+02
2.028945312500000000e+02
1.352031250000000000e+02
1.991679687500000000e+02
1.468281250000000000e+02
1.904726562500000000e+02
1.555468750000000000e+02
1.817773437500000000e+02
1.642656250000000000e+02
1.693554687500000000e+02
1.710468750000000000e+02
1.569335937500000000e+02
1.778281250000000000e+02
1.420273437500000000e+02
1.826718750000000000e+02
1.271210937500000000e+02
9.257812500000000000e+01
9.855078125000000000e+01
1.017812500000000000e+02
9.792968750000000000e+01
1.105000000000000000e+02
1.016562500000000000e+02
1.192187500000000000e+02
1.072460937500000000e+02
1.264843750000000000e+02
1.128359375000000000e+02
1.482812500000000000e+02
1.209101562500000000e+02
1.565156250000000000e+02
1.209101562500000000e+02
1.647500000000000000e+02
1.215312500000000000e+02
1.734687500000000000e+02
1.215312500000000000e+02
1.807343750000000000e+02
1.271210937500000000e+02
1.361718750000000000e+02
1.258789062500000000e+02
1.342343750000000000e+02
1.370585937500000000e+02
1.313281250000000000e+02
1.494804687500000000e+02
1.293906250000000000e+02
1.606601562500000000e+02
1.119531250000000000e+02
1.519648437500000000e+02
1.187343750000000000e+02
1.569335937500000000e+02
1.255156250000000000e+02
1.631445312500000000e+02
1.342343750000000000e+02
1.631445312500000000e+02
1.410156250000000000e+02
1.606601562500000000e+02
9.839062500000000000e+01
1.109726562500000000e+02
1.042031250000000000e+02
1.109726562500000000e+02
1.148593750000000000e+02
1.146992187500000000e+02
1.197031250000000000e+02
1.196679687500000000e+02
1.138906250000000000e+02
1.196679687500000000e+02
1.032343750000000000e+02
1.159414062500000000e+02
1.487656250000000000e+02
1.296054687500000000e+02
1.545781250000000000e+02
1.271210937500000000e+02
1.652343750000000000e+02
1.296054687500000000e+02
1.691093750000000000e+02
1.333320312500000000e+02
1.642656250000000000e+02
1.358164062500000000e+02
1.536093750000000000e+02
1.333320312500000000e+02
9.451562500000000000e+01
1.581757812500000000e+02
1.071093750000000000e+02
1.619023437500000000e+02
1.197031250000000000e+02
1.681132812500000000e+02
1.235781250000000000e+02
1.693554687500000000e+02
1.274531250000000000e+02
1.705976562500000000e+02
1.352031250000000000e+02
1.718398437500000000e+02
1.439218750000000000e+02
1.730820312500000000e+02
1.371406250000000000e+02
1.792929687500000000e+02
1.284218750000000000e+02
1.842617187500000000e+02
1.187343750000000000e+02
1.842617187500000000e+02
1.080781250000000000e+02
1.792929687500000000e+02
1.003281250000000000e+02
1.705976562500000000e+02
9.645312500000000000e+01
1.594179687500000000e+02
1.090468750000000000e+02
1.668710937500000000e+02
1.226093750000000000e+02
1.718398437500000000e+02
1.322968750000000000e+02
1.743242187500000000e+02
1.429531250000000000e+02
1.730820312500000000e+02
1.322968750000000000e+02
1.755664062500000000e+02
1.206718750000000000e+02
1.768085937500000000e+02
1.061406250000000000e+02
1.718398437500000000e+02
