1.362109375000000000e+02
2.171679687500000000e+02
1.362109375000000000e+02
2.650976562500000000e+02
1.362109375000000000e+02
3.034414062500000000e+02
1.382578125000000000e+02
3.513710937500000000e+02
1.464453125000000000e+02
3.961054687500000000e+02
1.689609375000000000e+02
4.216679687500000000e+02
1.955703125000000000e+02
4.472304687500000000e+02
2.262734375000000000e+02
4.600117187500000000e+02
2.569765625000000000e+02
4.600117187500000000e+02
2.876796875000000000e+02
4.600117187500000000e+02
3.183828125000000000e+02
4.504257812500000000e+02
3.449921875000000000e+02
4.280585937500000000e+02
3.675078125000000000e+02
3.929101562500000000e+02
3.777421875000000000e+02
3.481757812500000000e+02
3.818359375000000000e+02
3.034414062500000000e+02
3.818359375000000000e+02
2.587070312500000000e+02
3.818359375000000000e+02
2.043867187500000000e+02
1.464453125000000000e+02
1.884101562500000000e+02
1.658906250000000000e+02
1.772265625000000000e+02
1.873828125000000000e+02
1.708359375000000000e+02
2.088750000000000000e+02
1.708359375000000000e+02
2.303671875000000000e+02
1.772265625000000000e+02
2.794921875000000000e+02
1.804218750000000000e+02
3.020078125000000000e+02
1.772265625000000000e+02
3.245234375000000000e+02
1.772265625000000000e+02
3.470390625000000000e+02
1.756289062500000000e+02
3.675078125000000000e+02
1.852148437500000000e+02
2.569765625000000000e+02
2.043867187500000000e+02
2.569765625000000000e+02
2.363398437500000000e+02
2.549296875000000000e+02
2.650976562500000000e+02
2.569765625000000000e+02
2.938554687500000000e+02
2.283203125000000000e+02
3.162226562500000000e+02
2.426484375000000000e+02
3.194179687500000000e+02
2.549296875000000000e+02
3.226132812500000000e+02
2.692578125000000000e+02
3.194179687500000000e+02
2.835859375000000000e+02
3.162226562500000000e+02
1.689609375000000000e+02
2.075820312500000000e+02
1.812421875000000000e+02
1.979960937500000000e+02
2.098984375000000000e+02
1.948007812500000000e+02
2.221796875000000000e+02
2.075820312500000000e+02
2.078515625000000000e+02
2.107773437500000000e+02
1.812421875000000000e+02
2.139726562500000000e+02
2.897265625000000000e+02
2.075820312500000000e+02
3.020078125000000000e+02
1.948007812500000000e+02
3.327109375000000000e+02
2.011914062500000000e+02
3.449921875000000000e+02
2.107773437500000000e+02
3.327109375000000000e+02
2.171679687500000000e+02
3.061015625000000000e+02
2.139726562500000000e+02
2.058046875000000000e+02
3.641523437500000000e+02
2.262734375000000000e+02
3.577617187500000000e+02
2.487890625000000000e+02
3.545664062500000000e+02
2.549296875000000000e+02
3.545664062500000000e+02
2.651640625000000000e+02
3.545664062500000000e+02
2.897265625000000000e+02
3.577617187500000000e+02
3.142890625000000000e+02
3.673476562500000000e+02
2.958671875000000000e+02
3.769335937500000000e+02
2.753984375000000000e+02
3.833242187500000000e+02
2.569765625000000000e+02
3.865195312500000000e+02
2.385546875000000000e+02
3.833242187500000000e+02
2.221796875000000000e+02
3.769335937500000000e+02
2.078515625000000000e+02
3.641523437500000000e+02
2.324140625000000000e+02
3.673476562500000000e+02
2.569765625000000000e+02
3.673476562500000000e+02
2.835859375000000000e+02
3.673476562500000000e+02
3.101953125000000000e+02
3.673476562500000000e+02
2.835859375000000000e+02
3.673476562500000000e+02
2.569765625000000000e+02
3.673476562500000000e+02
2.324140625000000000e+02
3.641523437500000000e+02
