6.060546875000000000e+01
1.374257812500000000e+02
6.162890625000000000e+01
1.581679687500000000e+02
6.367578125000000000e+01
1.719960937500000000e+02
7.083984375000000000e+01
1.913554687500000000e+02
8.209765625000000000e+01
2.051835937500000000e+02
9.642578125000000000e+01
2.148632812500000000e+02
1.097304687500000000e+02
2.203945312500000000e+02
1.240585937500000000e+02
2.245429687500000000e+02
1.383867187500000000e+02
2.245429687500000000e+02
1.506679687500000000e+02
2.203945312500000000e+02
1.609023437500000000e+02
2.093320312500000000e+02
1.690898437500000000e+02
1.968867187500000000e+02
1.752304687500000000e+02
1.816757812500000000e+02
1.793242187500000000e+02
1.650820312500000000e+02
1.813710937500000000e+02
1.471054687500000000e+02
1.823945312500000000e+02
1.305117187500000000e+02
1.823945312500000000e+02
1.139179687500000000e+02
8.005078125000000000e+01
1.208320312500000000e+02
8.772656250000000000e+01
1.125351562500000000e+02
9.744921875000000000e+01
1.097695312500000000e+02
1.081953125000000000e+02
1.083867187500000000e+02
1.184296875000000000e+02
1.090781250000000000e+02
1.399218750000000000e+02
1.070039062500000000e+02
1.486210937500000000e+02
1.035468750000000000e+02
1.568085937500000000e+02
1.021640625000000000e+02
1.660195312500000000e+02
1.035468750000000000e+02
1.742070312500000000e+02
1.097695312500000000e+02
1.312226562500000000e+02
1.208320312500000000e+02
1.332695312500000000e+02
1.318945312500000000e+02
1.353164062500000000e+02
1.457226562500000000e+02
1.373632812500000000e+02
1.581679687500000000e+02
1.209882812500000000e+02
1.636992187500000000e+02
1.281523437500000000e+02
1.636992187500000000e+02
1.363398437500000000e+02
1.664648437500000000e+02
1.424804687500000000e+02
1.636992187500000000e+02
1.486210937500000000e+02
1.609335937500000000e+02
8.823828125000000000e+01
1.263632812500000000e+02
9.335546875000000000e+01
1.222148437500000000e+02
1.066601562500000000e+02
1.194492187500000000e+02
1.117773437500000000e+02
1.235976562500000000e+02
1.066601562500000000e+02
1.263632812500000000e+02
9.437890625000000000e+01
1.291289062500000000e+02
1.435039062500000000e+02
1.208320312500000000e+02
1.486210937500000000e+02
1.139179687500000000e+02
1.609023437500000000e+02
1.139179687500000000e+02
1.660195312500000000e+02
1.180664062500000000e+02
1.609023437500000000e+02
1.208320312500000000e+02
1.496445312500000000e+02
1.235976562500000000e+02
1.148476562500000000e+02
1.885898437500000000e+02
1.230351562500000000e+02
1.816757812500000000e+02
1.322460937500000000e+02
1.789101562500000000e+02
1.363398437500000000e+02
1.775273437500000000e+02
1.404335937500000000e+02
1.775273437500000000e+02
1.486210937500000000e+02
1.789101562500000000e+02
1.547617187500000000e+02
1.830585937500000000e+02
1.496445312500000000e+02
1.885898437500000000e+02
1.435039062500000000e+02
1.927382812500000000e+02
1.373632812500000000e+02
1.941210937500000000e+02
1.291757812500000000e+02
1.941210937500000000e+02
1.220117187500000000e+02
1.927382812500000000e+02
1.158710937500000000e+02
1.885898437500000000e+02
1.261054687500000000e+02
1.858242187500000000e+02
1.373632812500000000e+02
1.844414062500000000e+02
1.455507812500000000e+02
1.830585937500000000e+02
1.537382812500000000e+02
1.830585937500000000e+02
1.455507812500000000e+02
1.830585937500000000e+02
1.363398437500000000e+02
1.858242187500000000e+02
1.261054687500000000e+02
1.858242187500000000e+02
