7.450000000000000000e+01
1.295312500000000000e+02
7.450000000000000000e+01
1.467812500000000000e+02
7.450000000000000000e+01
1.654687500000000000e+02
7.750000000000000000e+01
1.870312500000000000e+02
8.550000000000000000e+01
2.014062500000000000e+02
9.550000000000000000e+01
2.114687500000000000e+02
1.065000000000000000e+02
2.200937500000000000e+02
1.185000000000000000e+02
2.244062500000000000e+02
1.315000000000000000e+02
2.244062500000000000e+02
1.465000000000000000e+02
2.244062500000000000e+02
1.605000000000000000e+02
2.200937500000000000e+02
1.725000000000000000e+02
2.114687500000000000e+02
1.825000000000000000e+02
1.985312500000000000e+02
1.895000000000000000e+02
1.798437500000000000e+02
1.925000000000000000e+02
1.597187500000000000e+02
1.935000000000000000e+02
1.395937500000000000e+02
1.935000000000000000e+02
1.180312500000000000e+02
7.550000000000000000e+01
1.137187500000000000e+02
8.350000000000000000e+01
1.050937500000000000e+02
9.400000000000000000e+01
1.043750000000000000e+02
1.050000000000000000e+02
1.043750000000000000e+02
1.145000000000000000e+02
1.072500000000000000e+02
1.365000000000000000e+02
1.058125000000000000e+02
1.465000000000000000e+02
1.015000000000000000e+02
1.585000000000000000e+02
9.934375000000000000e+01
1.705000000000000000e+02
9.790625000000000000e+01
1.815000000000000000e+02
1.036562500000000000e+02
1.255000000000000000e+02
1.223437500000000000e+02
1.265000000000000000e+02
1.338437500000000000e+02
1.265000000000000000e+02
1.453437500000000000e+02
1.265000000000000000e+02
1.554062500000000000e+02
1.095000000000000000e+02
1.611562500000000000e+02
1.175000000000000000e+02
1.640312500000000000e+02
1.275000000000000000e+02
1.669062500000000000e+02
1.365000000000000000e+02
1.640312500000000000e+02
1.455000000000000000e+02
1.611562500000000000e+02
8.750000000000000000e+01
1.266562500000000000e+02
9.150000000000000000e+01
1.223437500000000000e+02
1.035000000000000000e+02
1.209062500000000000e+02
1.105000000000000000e+02
1.266562500000000000e+02
1.025000000000000000e+02
1.280937500000000000e+02
9.250000000000000000e+01
1.280937500000000000e+02
1.455000000000000000e+02
1.237812500000000000e+02
1.505000000000000000e+02
1.180312500000000000e+02
1.625000000000000000e+02
1.151562500000000000e+02
1.685000000000000000e+02
1.180312500000000000e+02
1.635000000000000000e+02
1.209062500000000000e+02
1.515000000000000000e+02
1.237812500000000000e+02
9.650000000000000000e+01
1.784062500000000000e+02
1.095000000000000000e+02
1.755312500000000000e+02
1.235000000000000000e+02
1.755312500000000000e+02
1.275000000000000000e+02
1.755312500000000000e+02
1.325000000000000000e+02
1.740937500000000000e+02
1.505000000000000000e+02
1.726562500000000000e+02
1.665000000000000000e+02
1.726562500000000000e+02
1.555000000000000000e+02
1.841562500000000000e+02
1.425000000000000000e+02
1.913437500000000000e+02
1.285000000000000000e+02
1.942187500000000000e+02
1.175000000000000000e+02
1.942187500000000000e+02
1.065000000000000000e+02
1.884687500000000000e+02
9.750000000000000000e+01
1.784062500000000000e+02
1.125000000000000000e+02
1.784062500000000000e+02
1.285000000000000000e+02
1.798437500000000000e+02
1.475000000000000000e+02
1.769687500000000000e+02
1.645000000000000000e+02
1.740937500000000000e+02
1.485000000000000000e+02
1.841562500000000000e+02
1.285000000000000000e+02
1.870312500000000000e+02
1.125000000000000000e+02
1.870312500000000000e+02
