6.570312500000000000e+01
1.257578125000000000e+02
6.673437500000000000e+01
1.466796875000000000e+02
7.189062500000000000e+01
1.659921875000000000e+02
7.807812500000000000e+01
1.853046875000000000e+02
8.529687500000000000e+01
2.013984375000000000e+02
9.354687500000000000e+01
2.158828125000000000e+02
1.038593750000000000e+02
2.287578125000000000e+02
1.172656250000000000e+02
2.319765625000000000e+02
1.296406250000000000e+02
2.319765625000000000e+02
1.430468750000000000e+02
2.319765625000000000e+02
1.543906250000000000e+02
2.271484375000000000e+02
1.657343750000000000e+02
2.174921875000000000e+02
1.750156250000000000e+02
2.062265625000000000e+02
1.812031250000000000e+02
1.869140625000000000e+02
1.842968750000000000e+02
1.676015625000000000e+02
1.873906250000000000e+02
1.482890625000000000e+02
1.873906250000000000e+02
1.273671875000000000e+02
6.879687500000000000e+01
1.144921875000000000e+02
7.807812500000000000e+01
1.080546875000000000e+02
8.942187500000000000e+01
1.080546875000000000e+02
1.002500000000000000e+02
1.104687500000000000e+02
1.110781250000000000e+02
1.152968750000000000e+02
1.440781250000000000e+02
1.161015625000000000e+02
1.543906250000000000e+02
1.104687500000000000e+02
1.647031250000000000e+02
1.080546875000000000e+02
1.750156250000000000e+02
1.072500000000000000e+02
1.842968750000000000e+02
1.128828125000000000e+02
1.296406250000000000e+02
1.305859375000000000e+02
1.296406250000000000e+02
1.434609375000000000e+02
1.296406250000000000e+02
1.579453125000000000e+02
1.296406250000000000e+02
1.708203125000000000e+02
1.162343750000000000e+02
1.804765625000000000e+02
1.224218750000000000e+02
1.820859375000000000e+02
1.296406250000000000e+02
1.836953125000000000e+02
1.358281250000000000e+02
1.820859375000000000e+02
1.430468750000000000e+02
1.804765625000000000e+02
8.117187500000000000e+01
1.321953125000000000e+02
8.632812500000000000e+01
1.257578125000000000e+02
1.017968750000000000e+02
1.257578125000000000e+02
1.079843750000000000e+02
1.338046875000000000e+02
1.007656250000000000e+02
1.370234375000000000e+02
8.735937500000000000e+01
1.354140625000000000e+02
1.482031250000000000e+02
1.338046875000000000e+02
1.543906250000000000e+02
1.273671875000000000e+02
1.688281250000000000e+02
1.257578125000000000e+02
1.750156250000000000e+02
1.321953125000000000e+02
1.688281250000000000e+02
1.354140625000000000e+02
1.554218750000000000e+02
1.354140625000000000e+02
1.038593750000000000e+02
2.030078125000000000e+02
1.141718750000000000e+02
1.981796875000000000e+02
1.255156250000000000e+02
1.933515625000000000e+02
1.296406250000000000e+02
1.933515625000000000e+02
1.337656250000000000e+02
1.933515625000000000e+02
1.440781250000000000e+02
1.965703125000000000e+02
1.543906250000000000e+02
2.013984375000000000e+02
1.471718750000000000e+02
2.110546875000000000e+02
1.389218750000000000e+02
2.158828125000000000e+02
1.296406250000000000e+02
2.174921875000000000e+02
1.203593750000000000e+02
2.174921875000000000e+02
1.121093750000000000e+02
2.110546875000000000e+02
1.048906250000000000e+02
2.030078125000000000e+02
1.172656250000000000e+02
2.030078125000000000e+02
1.296406250000000000e+02
2.013984375000000000e+02
1.409843750000000000e+02
2.030078125000000000e+02
1.533593750000000000e+02
2.030078125000000000e+02
1.409843750000000000e+02
2.030078125000000000e+02
1.296406250000000000e+02
2.046171875000000000e+02
1.172656250000000000e+02
2.046171875000000000e+02
